241 10

0 45 17 1
50 311 24 3
50 311 24 3
70 286 22 3
75 290 1 8
75 60 1 17
90 61 5 7
130 209 11 3
140 90 18 28
140 280 18 8
140 402 18 6
150 212 0 26
170 195 17 8
183 124 2 8
184 180 7 26
195 148 7 6
265 155 28 8
265 277 28 6
330 55 27 6
340 103 3 6
340 162 5 3
340 60 13 14
344 60 6 26
345 70 10 6
347 74 8 6
355 52 26 6
360 67 16 6
364 71 6 19
370 60 6 26
374 73 26 8
385 64 26 6
387 63 6 29
389 71 6 15
392 57 6 12
392 215 6 25
392 80 6 28
400 64 8 26
400 45 26 14
400 62 6 26
406 110 26 3
410 65 3 8
412 110 3 26
416 57 26 6
430 59 6 26
445 66 26 6
455 60 6 27
455 130 6 5
460 82 8 6
460 60 6 26
472 83 6 30
475 165 14 26
475 54 19 6
475 60 26 6
475 67 30 12
478 90 12 9
490 68 8 12
490 60 6 26
490 71 29 6
500 72 15 6
502 105 26 3
504 71 26 6
504 71 26 6
505 102 12 25
509 66 26 8
514 195 28 6
519 75 8 3
520 60 6 26
535 66 26 6
550 60 6 26
555 30 27 5
562 105 26 3
565 67 26 6
572 105 3 26
580 89 30 6
582 123 12 21
582 58 6 26
584 128 6 28
584 54 6 14
584 128 6 28
586 64 6 8
586 79 6 28
595 57 26 6
596 81 6 21
609 74 8 3
610 110 12 3
610 58 6 26
612 67 6 29
616 81 9 26
625 150 5 27
625 251 5 6
625 63 26 6
640 60 6 26
644 76 3 24
652 98 3 26
656 68 26 6
670 55 6 26
673 39 14 28
685 63 26 6
690 67 8 6
690 60 6 15
700 45 26 14
700 214 28 6
700 60 6 26
704 59 26 8
706 85 3 26
710 61 29 6
715 59 26 6
719 86 26 9
721 29 3 7
722 86 21 6
722 63 6 19
730 63 6 26
741 14 3 20
743 105 26 3
745 56 26 6
747 114 21 12
752 262 28 6
752 45 28 14
752 262 28 6
758 63 26 6
760 98 3 6
760 60 6 26
775 60 1 17
775 165 14 26
775 52 26 6
785 151 7 3
785 64 15 6
790 313 24 3
790 313 24 3
790 57 6 26
795 136 20 3
803 96 6 3
805 50 26 6
810 62 8 26
815 61 27 6
820 62 19 6
820 60 6 26
832 182 14 6
836 58 26 6
848 62 6 26
850 83 9 26
865 59 26 6
874 79 6 28
875 187 5 6
880 60 6 26
895 240 25 12
895 356 25 6
895 56 26 6
897 63 6 10
898 106 3 26
902 58 12 30
910 62 6 26
915 52 6 9
922 58 6 27
923 96 26 3
925 50 26 6
937 43 6 7
941 61 6 26
943 95 3 6
955 56 26 6
962 96 3 26
970 58 6 26
981 71 3 8
985 49 26 6
987 128 26 21
992 203 28 6
995 61 10 6
996 94 26 9
999 67 6 26
999 67 6 26
1000 88 30 6
1002 48 9 6
1007 61 6 19
1015 53 26 6
1015 59 27 6
1029 63 6 26
1044 50 26 6
1050 159 7 6
1054 109 26 3
1058 72 6 10
1060 64 6 26
1075 50 26 6
1083 62 6 16
1086 60 8 26
1089 61 6 26
1092 89 3 12
1098 77 6 8
1106 51 26 6
1106 59 6 15
1108 61 19 6
1108 27 26 4
1120 66 6 26
1124 66 6 29
1132 106 6 3
1134 92 9 12
1135 60 26 6
1144 58 6 23
1149 59 6 26
1150 95 3 13
1150 118 21 26
1164 54 26 6
1165 27 4 26
1170 75 10 6
1174 60 26 8
1179 64 6 26
1185 66 16 6
1185 99 6 3
1195 53 26 6
1199 77 6 8
1199 160 6 28
1199 286 6 18
1200 57 15 6
1213 61 8 26
1217 106 26 3
1225 52 26 6
1225 52 26 6
1225 70 29 6
1226 79 3 26
1226 67 6 10
1240 55 6 26
1242 62 23 6
1256 59 26 6
1268 76 8 3
1269 50 6 26
1282 58 6 16
1296 61 6 27
1302 69 12 6
1307 93 26 0
1307 40 6 7
1309 71 26 7
1320 39 8 28
1320 165 8 18
1320 75 13 10
1325 70 8 17
1325 160 8 1
1371 69 3 24
1386 59 3 22
1395 90 28 18
1407 93 3 11
1410 69 8 2
1415 60 7 5
