111 10

460 51 6 1
460 304 0 5
492 141 6 2
485 114 2 15
500 171 9 2
495 144 2 9
501 100 1 8
503 80 2 3
520 81 8 2
513 74 11 8
515 120 1 2
517 78 11 2
536 127 4 2
539 92 2 8
541 80 11 2
550 193 13 2
578 83 8 2
573 120 2 1
588 71 3 2
596 65 8 11
600 91 8 1
593 80 2 3
603 90 2 8
620 111 15 2
631 78 2 11
640 83 8 2
637 127 2 9
647 258 2 10
670 137 9 2
663 74 11 8
673 140 2 6
690 71 3 2
693 120 1 2
704 81 8 2
719 80 11 2
746 65 8 11
751 194 2 13
753 120 2 1
761 322 1 1
775 120 5 9
773 332 2 7
790 107 9 2
789 144 2 9
805 74 2 11
807 134 2 4
809 90 2 8
818 141 6 2
820 81 8 2
823 128 2 12
833 80 2 3
867 74 11 8
869 120 1 2
901 80 11 2
922 75 3 2
926 243 10 2
940 65 8 11
931 144 2 9
933 90 2 8
948 131 9 2
950 121 12 2
952 123 4 2
952 185 13 2
980 388 9 0
991 74 2 11
993 120 2 1
1005 192 2 2
1032 81 8 2
1035 140 2 6
1047 120 2 1
1049 90 2 8
1081 80 11 2
1110 349 7 2
1105 140 2 9
1111 120 1 2
1113 74 11 8
1115 120 2 1
1133 100 1 8
1137 90 2 8
1154 81 8 2
1166 135 9 2
1171 120 1 2
1180 78 8 2
1184 141 6 2
1179 74 2 11
1181 108 2 4
1194 65 8 11
1197 90 2 8
1201 80 2 3
1219 200 2 13
1242 81 8 2
1244 89 8 1
1235 120 1 2
1251 100 2 15
1261 80 11 2
1261 90 2 8
1265 74 11 8
1285 72 3 2
1292 107 9 2
1304 81 8 2
1307 80 2 3
1322 89 4 2
1315 74 2 11
1333 60 1 6
1348 65 8 11
1347 120 2 1
1353 74 2 11
1364 91 15 2
1357 90 2 8
1369 188 2 9
1373 140 2 6
1383 136 2 4
