964 10

-15 80 17 1
50 331 24 3
50 331 24 3
70 306 22 3
75 310 1 8
75 80 1 17
90 81 5 7
130 229 11 3
140 110 18 28
140 300 18 8
140 422 18 6
150 232 0 26
170 215 17 8
183 144 2 8
184 200 7 26
195 168 7 6
265 175 28 8
265 297 28 6
330 75 27 6
340 123 3 6
340 182 5 3
340 80 13 14
344 80 6 26
345 90 10 6
347 94 8 6
355 72 26 6
360 87 16 6
364 91 6 19
370 80 6 26
374 93 26 8
385 84 26 6
387 83 6 29
389 91 6 15
392 77 6 12
392 235 6 25
392 100 6 28
400 84 8 26
400 65 26 14
400 82 6 26
406 130 26 3
410 85 3 8
412 130 3 26
416 77 26 6
430 79 6 26
445 86 26 6
455 80 6 27
455 150 6 5
460 102 8 6
460 80 6 26
472 103 6 30
475 185 14 26
475 74 19 6
475 80 26 6
475 87 30 12
478 110 12 9
490 88 8 12
490 80 6 26
490 91 29 6
500 92 15 6
502 125 26 3
504 91 26 6
504 91 26 6
505 122 12 25
509 86 26 8
514 215 28 6
519 95 8 3
520 80 6 26
535 86 26 6
550 80 6 26
555 50 27 5
562 125 26 3
565 87 26 6
572 125 3 26
580 109 30 6
582 143 12 21
582 78 6 26
584 148 6 28
584 74 6 14
584 148 6 28
586 84 6 8
586 99 6 28
595 77 26 6
596 101 6 21
609 94 8 3
610 130 12 3
610 78 6 26
612 87 6 29
616 101 9 26
625 170 5 27
625 271 5 6
625 83 26 6
640 80 6 26
644 96 3 24
652 118 3 26
656 88 26 6
670 75 6 26
673 59 14 28
685 83 26 6
690 87 8 6
690 80 6 15
700 65 26 14
700 234 28 6
700 80 6 26
704 79 26 8
706 105 3 26
710 81 29 6
715 79 26 6
719 106 26 9
721 49 3 7
722 106 21 6
722 83 6 19
730 83 6 26
741 34 3 20
743 125 26 3
745 76 26 6
747 134 21 12
752 282 28 6
752 65 28 14
752 282 28 6
758 83 26 6
760 118 3 6
760 80 6 26
775 80 1 17
775 185 14 26
775 72 26 6
785 171 7 3
785 84 15 6
790 333 24 3
790 333 24 3
790 77 6 26
795 156 20 3
803 116 6 3
805 70 26 6
810 82 8 26
815 81 27 6
820 82 19 6
820 80 6 26
832 202 14 6
836 78 26 6
848 82 6 26
850 103 9 26
865 79 26 6
874 99 6 28
875 207 5 6
880 80 6 26
895 260 25 12
895 376 25 6
895 76 26 6
897 83 6 10
898 126 3 26
902 78 12 30
910 82 6 26
915 72 6 9
922 78 6 27
923 116 26 3
925 70 26 6
937 63 6 7
941 81 6 26
943 115 3 6
955 76 26 6
962 116 3 26
970 78 6 26
981 91 3 8
985 69 26 6
987 148 26 21
992 223 28 6
995 81 10 6
996 114 26 9
999 87 6 26
999 87 6 26
1000 108 30 6
1002 68 9 6
1007 81 6 19
1015 73 26 6
1015 79 27 6
1029 83 6 26
1044 70 26 6
1050 179 7 6
1054 129 26 3
1058 92 6 10
1060 84 6 26
1075 70 26 6
1083 82 6 16
1086 80 8 26
1089 81 6 26
1092 109 3 12
1098 97 6 8
1106 71 26 6
1106 79 6 15
1108 81 19 6
1108 47 26 4
1120 86 6 26
1124 86 6 29
1132 126 6 3
1134 112 9 12
1135 80 26 6
1144 78 6 23
1149 79 6 26
1150 115 3 13
1150 138 21 26
1164 74 26 6
1165 47 4 26
1170 95 10 6
1174 80 26 8
1179 84 6 26
1185 86 16 6
1185 119 6 3
1195 73 26 6
1199 97 6 8
1199 180 6 28
1199 306 6 18
1200 77 15 6
1213 81 8 26
1217 126 26 3
1225 72 26 6
1225 72 26 6
1225 90 29 6
1226 99 3 26
1226 87 6 10
1240 75 6 26
1242 82 23 6
1256 79 26 6
1268 96 8 3
1269 70 6 26
1282 78 6 16
1296 81 6 27
1302 89 12 6
1307 113 26 0
1307 60 6 7
1309 91 26 7
1320 59 8 28
1320 185 8 18
1320 95 13 10
1325 90 8 17
1325 180 8 1
1371 89 3 24
1386 79 3 22
1395 110 28 18
1407 113 3 11
1410 89 8 2
1415 80 7 5
-15 80 17 1
50 331 24 3
50 331 24 3
70 306 22 3
75 310 1 8
75 80 1 17
90 81 5 7
130 229 11 3
140 110 18 28
140 300 18 8
140 422 18 6
150 232 0 26
170 215 17 8
183 144 2 8
184 200 7 26
195 168 7 6
265 175 28 8
265 297 28 6
330 75 27 6
340 123 3 6
340 182 5 3
340 80 13 14
344 80 6 26
345 90 10 6
347 94 8 6
355 72 26 6
360 87 16 6
364 91 6 19
370 80 6 26
374 93 26 8
385 84 26 6
387 83 6 29
389 91 6 15
392 77 6 12
392 235 6 25
392 100 6 28
400 84 8 26
400 65 26 14
400 82 6 26
406 130 26 3
410 85 3 8
412 130 3 26
416 77 26 6
430 79 6 26
445 86 26 6
455 80 6 27
455 150 6 5
460 102 8 6
460 80 6 26
472 103 6 30
475 185 14 26
475 74 19 6
475 80 26 6
475 87 30 12
478 110 12 9
490 88 8 12
490 80 6 26
490 91 29 6
500 92 15 6
502 125 26 3
504 91 26 6
504 91 26 6
505 122 12 25
509 86 26 8
514 215 28 6
519 95 8 3
520 80 6 26
535 86 26 6
550 80 6 26
555 50 27 5
562 125 26 3
565 87 26 6
572 125 3 26
580 109 30 6
582 143 12 21
582 78 6 26
584 148 6 28
584 74 6 14
584 148 6 28
586 84 6 8
586 99 6 28
595 77 26 6
596 101 6 21
609 94 8 3
610 130 12 3
610 78 6 26
612 87 6 29
616 101 9 26
625 170 5 27
625 271 5 6
625 83 26 6
640 80 6 26
644 96 3 24
652 118 3 26
656 88 26 6
670 75 6 26
673 59 14 28
685 83 26 6
690 87 8 6
690 80 6 15
700 65 26 14
700 234 28 6
700 80 6 26
704 79 26 8
706 105 3 26
710 81 29 6
715 79 26 6
719 106 26 9
721 49 3 7
722 106 21 6
722 83 6 19
730 83 6 26
741 34 3 20
743 125 26 3
745 76 26 6
747 134 21 12
752 282 28 6
752 65 28 14
752 282 28 6
758 83 26 6
760 118 3 6
760 80 6 26
775 80 1 17
775 185 14 26
775 72 26 6
785 171 7 3
785 84 15 6
790 333 24 3
790 333 24 3
790 77 6 26
795 156 20 3
803 116 6 3
805 70 26 6
810 82 8 26
815 81 27 6
820 82 19 6
820 80 6 26
832 202 14 6
836 78 26 6
848 82 6 26
850 103 9 26
865 79 26 6
874 99 6 28
875 207 5 6
880 80 6 26
895 260 25 12
895 376 25 6
895 76 26 6
897 83 6 10
898 126 3 26
902 78 12 30
910 82 6 26
915 72 6 9
922 78 6 27
923 116 26 3
925 70 26 6
937 63 6 7
941 81 6 26
943 115 3 6
955 76 26 6
962 116 3 26
970 78 6 26
981 91 3 8
985 69 26 6
987 148 26 21
992 223 28 6
995 81 10 6
996 114 26 9
999 87 6 26
999 87 6 26
1000 108 30 6
1002 68 9 6
1007 81 6 19
1015 73 26 6
1015 79 27 6
1029 83 6 26
1044 70 26 6
1050 179 7 6
1054 129 26 3
1058 92 6 10
1060 84 6 26
1075 70 26 6
1083 82 6 16
1086 80 8 26
1089 81 6 26
1092 109 3 12
1098 97 6 8
1106 71 26 6
1106 79 6 15
1108 81 19 6
1108 47 26 4
1120 86 6 26
1124 86 6 29
1132 126 6 3
1134 112 9 12
1135 80 26 6
1144 78 6 23
1149 79 6 26
1150 115 3 13
1150 138 21 26
1164 74 26 6
1165 47 4 26
1170 95 10 6
1174 80 26 8
1179 84 6 26
1185 86 16 6
1185 119 6 3
1195 73 26 6
1199 97 6 8
1199 180 6 28
1199 306 6 18
1200 77 15 6
1213 81 8 26
1217 126 26 3
1225 72 26 6
1225 72 26 6
1225 90 29 6
1226 99 3 26
1226 87 6 10
1240 75 6 26
1242 82 23 6
1256 79 26 6
1268 96 8 3
1269 70 6 26
1282 78 6 16
1296 81 6 27
1302 89 12 6
1307 113 26 0
1307 60 6 7
1309 91 26 7
1320 59 8 28
1320 185 8 18
1320 95 13 10
1325 90 8 17
1325 180 8 1
1371 89 3 24
1386 79 3 22
1395 110 28 18
1407 113 3 11
1410 89 8 2
1415 80 7 5
-15 80 17 1
50 331 24 3
50 331 24 3
70 306 22 3
75 310 1 8
75 80 1 17
90 81 5 7
130 229 11 3
140 110 18 28
140 300 18 8
140 422 18 6
150 232 0 26
170 215 17 8
183 144 2 8
184 200 7 26
195 168 7 6
265 175 28 8
265 297 28 6
330 75 27 6
340 123 3 6
340 182 5 3
340 80 13 14
344 80 6 26
345 90 10 6
347 94 8 6
355 72 26 6
360 87 16 6
364 91 6 19
370 80 6 26
374 93 26 8
385 84 26 6
387 83 6 29
389 91 6 15
392 77 6 12
392 235 6 25
392 100 6 28
400 84 8 26
400 65 26 14
400 82 6 26
406 130 26 3
410 85 3 8
412 130 3 26
416 77 26 6
430 79 6 26
445 86 26 6
455 80 6 27
455 150 6 5
460 102 8 6
460 80 6 26
472 103 6 30
475 185 14 26
475 74 19 6
475 80 26 6
475 87 30 12
478 110 12 9
490 88 8 12
490 80 6 26
490 91 29 6
500 92 15 6
502 125 26 3
504 91 26 6
504 91 26 6
505 122 12 25
509 86 26 8
514 215 28 6
519 95 8 3
520 80 6 26
535 86 26 6
550 80 6 26
555 50 27 5
562 125 26 3
565 87 26 6
572 125 3 26
580 109 30 6
582 143 12 21
582 78 6 26
584 148 6 28
584 74 6 14
584 148 6 28
586 84 6 8
586 99 6 28
595 77 26 6
596 101 6 21
609 94 8 3
610 130 12 3
610 78 6 26
612 87 6 29
616 101 9 26
625 170 5 27
625 271 5 6
625 83 26 6
640 80 6 26
644 96 3 24
652 118 3 26
656 88 26 6
670 75 6 26
673 59 14 28
685 83 26 6
690 87 8 6
690 80 6 15
700 65 26 14
700 234 28 6
700 80 6 26
704 79 26 8
706 105 3 26
710 81 29 6
715 79 26 6
719 106 26 9
721 49 3 7
722 106 21 6
722 83 6 19
730 83 6 26
741 34 3 20
743 125 26 3
745 76 26 6
747 134 21 12
752 282 28 6
752 65 28 14
752 282 28 6
758 83 26 6
760 118 3 6
760 80 6 26
775 80 1 17
775 185 14 26
775 72 26 6
785 171 7 3
785 84 15 6
790 333 24 3
790 333 24 3
790 77 6 26
795 156 20 3
803 116 6 3
805 70 26 6
810 82 8 26
815 81 27 6
820 82 19 6
820 80 6 26
832 202 14 6
836 78 26 6
848 82 6 26
850 103 9 26
865 79 26 6
874 99 6 28
875 207 5 6
880 80 6 26
895 260 25 12
895 376 25 6
895 76 26 6
897 83 6 10
898 126 3 26
902 78 12 30
910 82 6 26
915 72 6 9
922 78 6 27
923 116 26 3
925 70 26 6
937 63 6 7
941 81 6 26
943 115 3 6
955 76 26 6
962 116 3 26
970 78 6 26
981 91 3 8
985 69 26 6
987 148 26 21
992 223 28 6
995 81 10 6
996 114 26 9
999 87 6 26
999 87 6 26
1000 108 30 6
1002 68 9 6
1007 81 6 19
1015 73 26 6
1015 79 27 6
1029 83 6 26
1044 70 26 6
1050 179 7 6
1054 129 26 3
1058 92 6 10
1060 84 6 26
1075 70 26 6
1083 82 6 16
1086 80 8 26
1089 81 6 26
1092 109 3 12
1098 97 6 8
1106 71 26 6
1106 79 6 15
1108 81 19 6
1108 47 26 4
1120 86 6 26
1124 86 6 29
1132 126 6 3
1134 112 9 12
1135 80 26 6
1144 78 6 23
1149 79 6 26
1150 115 3 13
1150 138 21 26
1164 74 26 6
1165 47 4 26
1170 95 10 6
1174 80 26 8
1179 84 6 26
1185 86 16 6
1185 119 6 3
1195 73 26 6
1199 97 6 8
1199 180 6 28
1199 306 6 18
1200 77 15 6
1213 81 8 26
1217 126 26 3
1225 72 26 6
1225 72 26 6
1225 90 29 6
1226 99 3 26
1226 87 6 10
1240 75 6 26
1242 82 23 6
1256 79 26 6
1268 96 8 3
1269 70 6 26
1282 78 6 16
1296 81 6 27
1302 89 12 6
1307 113 26 0
1307 60 6 7
1309 91 26 7
1320 59 8 28
1320 185 8 18
1320 95 13 10
1325 90 8 17
1325 180 8 1
1371 89 3 24
1386 79 3 22
1395 110 28 18
1407 113 3 11
1410 89 8 2
1415 80 7 5
-15 80 17 1
50 331 24 3
50 331 24 3
70 306 22 3
75 310 1 8
75 80 1 17
90 81 5 7
130 229 11 3
140 110 18 28
140 300 18 8
140 422 18 6
150 232 0 26
170 215 17 8
183 144 2 8
184 200 7 26
195 168 7 6
265 175 28 8
265 297 28 6
330 75 27 6
340 123 3 6
340 182 5 3
340 80 13 14
344 80 6 26
345 90 10 6
347 94 8 6
355 72 26 6
360 87 16 6
364 91 6 19
370 80 6 26
374 93 26 8
385 84 26 6
387 83 6 29
389 91 6 15
392 77 6 12
392 235 6 25
392 100 6 28
400 84 8 26
400 65 26 14
400 82 6 26
406 130 26 3
410 85 3 8
412 130 3 26
416 77 26 6
430 79 6 26
445 86 26 6
455 80 6 27
455 150 6 5
460 102 8 6
460 80 6 26
472 103 6 30
475 185 14 26
475 74 19 6
475 80 26 6
475 87 30 12
478 110 12 9
490 88 8 12
490 80 6 26
490 91 29 6
500 92 15 6
502 125 26 3
504 91 26 6
504 91 26 6
505 122 12 25
509 86 26 8
514 215 28 6
519 95 8 3
520 80 6 26
535 86 26 6
550 80 6 26
555 50 27 5
562 125 26 3
565 87 26 6
572 125 3 26
580 109 30 6
582 143 12 21
582 78 6 26
584 148 6 28
584 74 6 14
584 148 6 28
586 84 6 8
586 99 6 28
595 77 26 6
596 101 6 21
609 94 8 3
610 130 12 3
610 78 6 26
612 87 6 29
616 101 9 26
625 170 5 27
625 271 5 6
625 83 26 6
640 80 6 26
644 96 3 24
652 118 3 26
656 88 26 6
670 75 6 26
673 59 14 28
685 83 26 6
690 87 8 6
690 80 6 15
700 65 26 14
700 234 28 6
700 80 6 26
704 79 26 8
706 105 3 26
710 81 29 6
715 79 26 6
719 106 26 9
721 49 3 7
722 106 21 6
722 83 6 19
730 83 6 26
741 34 3 20
743 125 26 3
745 76 26 6
747 134 21 12
752 282 28 6
752 65 28 14
752 282 28 6
758 83 26 6
760 118 3 6
760 80 6 26
775 80 1 17
775 185 14 26
775 72 26 6
785 171 7 3
785 84 15 6
790 333 24 3
790 333 24 3
790 77 6 26
795 156 20 3
803 116 6 3
805 70 26 6
810 82 8 26
815 81 27 6
820 82 19 6
820 80 6 26
832 202 14 6
836 78 26 6
848 82 6 26
850 103 9 26
865 79 26 6
874 99 6 28
875 207 5 6
880 80 6 26
895 260 25 12
895 376 25 6
895 76 26 6
897 83 6 10
898 126 3 26
902 78 12 30
910 82 6 26
915 72 6 9
922 78 6 27
923 116 26 3
925 70 26 6
937 63 6 7
941 81 6 26
943 115 3 6
955 76 26 6
962 116 3 26
970 78 6 26
981 91 3 8
985 69 26 6
987 148 26 21
992 223 28 6
995 81 10 6
996 114 26 9
999 87 6 26
999 87 6 26
1000 108 30 6
1002 68 9 6
1007 81 6 19
1015 73 26 6
1015 79 27 6
1029 83 6 26
1044 70 26 6
1050 179 7 6
1054 129 26 3
1058 92 6 10
1060 84 6 26
1075 70 26 6
1083 82 6 16
1086 80 8 26
1089 81 6 26
1092 109 3 12
1098 97 6 8
1106 71 26 6
1106 79 6 15
1108 81 19 6
1108 47 26 4
1120 86 6 26
1124 86 6 29
1132 126 6 3
1134 112 9 12
1135 80 26 6
1144 78 6 23
1149 79 6 26
1150 115 3 13
1150 138 21 26
1164 74 26 6
1165 47 4 26
1170 95 10 6
1174 80 26 8
1179 84 6 26
1185 86 16 6
1185 119 6 3
1195 73 26 6
1199 97 6 8
1199 180 6 28
1199 306 6 18
1200 77 15 6
1213 81 8 26
1217 126 26 3
1225 72 26 6
1225 72 26 6
1225 90 29 6
1226 99 3 26
1226 87 6 10
1240 75 6 26
1242 82 23 6
1256 79 26 6
1268 96 8 3
1269 70 6 26
1282 78 6 16
1296 81 6 27
1302 89 12 6
1307 113 26 0
1307 60 6 7
1309 91 26 7
1320 59 8 28
1320 185 8 18
1320 95 13 10
1325 90 8 17
1325 180 8 1
1371 89 3 24
1386 79 3 22
1395 110 28 18
1407 113 3 11
1410 89 8 2
1415 80 7 5

465

0 1 100019
0 2 100019
0 3 100019
0 4 100019
0 5 100019
0 6 100019
0 7 100019
0 8 100019
0 9 100019
0 10 100019
0 11 100019
0 12 100019
0 13 100019
0 14 100019
0 15 100019
0 16 100019
0 17 100019
0 18 100019
0 19 100019
0 20 100019
0 21 100019
0 22 100019
0 23 100019
0 24 100019
0 25 100019
0 26 232
0 27 100019
0 28 100019
0 29 100019
0 30 100019
1 2 100019
1 3 100019
1 4 100019
1 5 100019
1 6 100019
1 7 100019
1 8 310
1 9 100019
1 10 100019
1 11 100019
1 12 100019
1 13 100019
1 14 100019
1 15 100019
1 16 100019
1 17 80
1 18 100019
1 19 100019
1 20 100019
1 21 100019
1 22 100019
1 23 100019
1 24 100019
1 25 100019
1 26 100019
1 27 100019
1 28 100019
1 29 100019
1 30 100019
2 3 100019
2 4 100019
2 5 100019
2 6 100019
2 7 100019
2 8 144
2 9 100019
2 10 100019
2 11 100019
2 12 100019
2 13 100019
2 14 100019
2 15 100019
2 16 100019
2 17 100019
2 18 100019
2 19 100019
2 20 100019
2 21 100019
2 22 100019
2 23 100019
2 24 100019
2 25 100019
2 26 100019
2 27 100019
2 28 100019
2 29 100019
2 30 100019
3 4 100019
3 5 182
3 6 126
3 7 171
3 8 96
3 9 100019
3 10 100019
3 11 229
3 12 130
3 13 115
3 14 100019
3 15 100019
3 16 100019
3 17 100019
3 18 100019
3 19 100019
3 20 156
3 21 100019
3 22 306
3 23 100019
3 24 333
3 25 100019
3 26 130
3 27 100019
3 28 100019
3 29 100019
3 30 100019
4 5 100019
4 6 100019
4 7 100019
4 8 100019
4 9 100019
4 10 100019
4 11 100019
4 12 100019
4 13 100019
4 14 100019
4 15 100019
4 16 100019
4 17 100019
4 18 100019
4 19 100019
4 20 100019
4 21 100019
4 22 100019
4 23 100019
4 24 100019
4 25 100019
4 26 47
4 27 100019
4 28 100019
4 29 100019
4 30 100019
5 6 271
5 7 81
5 8 100019
5 9 100019
5 10 100019
5 11 100019
5 12 100019
5 13 100019
5 14 100019
5 15 100019
5 16 100019
5 17 100019
5 18 100019
5 19 100019
5 20 100019
5 21 100019
5 22 100019
5 23 100019
5 24 100019
5 25 100019
5 26 100019
5 27 170
5 28 100019
5 29 100019
5 30 100019
6 7 179
6 8 102
6 9 72
6 10 95
6 11 100019
6 12 89
6 13 100019
6 14 202
6 15 92
6 16 87
6 17 100019
6 18 422
6 19 91
6 20 100019
6 21 106
6 22 100019
6 23 82
6 24 100019
6 25 376
6 26 91
6 27 81
6 28 297
6 29 91
6 30 109
7 8 100019
7 9 100019
7 10 100019
7 11 100019
7 12 100019
7 13 100019
7 14 100019
7 15 100019
7 16 100019
7 17 100019
7 18 100019
7 19 100019
7 20 100019
7 21 100019
7 22 100019
7 23 100019
7 24 100019
7 25 100019
7 26 200
7 27 100019
7 28 100019
7 29 100019
7 30 100019
8 9 100019
8 10 100019
8 11 100019
8 12 88
8 13 100019
8 14 100019
8 15 100019
8 16 100019
8 17 215
8 18 300
8 19 100019
8 20 100019
8 21 100019
8 22 100019
8 23 100019
8 24 100019
8 25 100019
8 26 93
8 27 100019
8 28 175
8 29 100019
8 30 100019
9 10 100019
9 11 100019
9 12 112
9 13 100019
9 14 100019
9 15 100019
9 16 100019
9 17 100019
9 18 100019
9 19 100019
9 20 100019
9 21 100019
9 22 100019
9 23 100019
9 24 100019
9 25 100019
9 26 114
9 27 100019
9 28 100019
9 29 100019
9 30 100019
10 11 100019
10 12 100019
10 13 95
10 14 100019
10 15 100019
10 16 100019
10 17 100019
10 18 100019
10 19 100019
10 20 100019
10 21 100019
10 22 100019
10 23 100019
10 24 100019
10 25 100019
10 26 100019
10 27 100019
10 28 100019
10 29 100019
10 30 100019
11 12 100019
11 13 100019
11 14 100019
11 15 100019
11 16 100019
11 17 100019
11 18 100019
11 19 100019
11 20 100019
11 21 100019
11 22 100019
11 23 100019
11 24 100019
11 25 100019
11 26 100019
11 27 100019
11 28 100019
11 29 100019
11 30 100019
12 13 100019
12 14 100019
12 15 100019
12 16 100019
12 17 100019
12 18 100019
12 19 100019
12 20 100019
12 21 143
12 22 100019
12 23 100019
12 24 100019
12 25 260
12 26 100019
12 27 100019
12 28 100019
12 29 100019
12 30 87
13 14 80
13 15 100019
13 16 100019
13 17 100019
13 18 100019
13 19 100019
13 20 100019
13 21 100019
13 22 100019
13 23 100019
13 24 100019
13 25 100019
13 26 100019
13 27 100019
13 28 100019
13 29 100019
13 30 100019
14 15 100019
14 16 100019
14 17 100019
14 18 100019
14 19 100019
14 20 100019
14 21 100019
14 22 100019
14 23 100019
14 24 100019
14 25 100019
14 26 185
14 27 100019
14 28 65
14 29 100019
14 30 100019
15 16 100019
15 17 100019
15 18 100019
15 19 100019
15 20 100019
15 21 100019
15 22 100019
15 23 100019
15 24 100019
15 25 100019
15 26 100019
15 27 100019
15 28 100019
15 29 100019
15 30 100019
16 17 100019
16 18 100019
16 19 100019
16 20 100019
16 21 100019
16 22 100019
16 23 100019
16 24 100019
16 25 100019
16 26 100019
16 27 100019
16 28 100019
16 29 100019
16 30 100019
17 18 100019
17 19 100019
17 20 100019
17 21 100019
17 22 100019
17 23 100019
17 24 100019
17 25 100019
17 26 100019
17 27 100019
17 28 100019
17 29 100019
17 30 100019
18 19 100019
18 20 100019
18 21 100019
18 22 100019
18 23 100019
18 24 100019
18 25 100019
18 26 100019
18 27 100019
18 28 110
18 29 100019
18 30 100019
19 20 100019
19 21 100019
19 22 100019
19 23 100019
19 24 100019
19 25 100019
19 26 100019
19 27 100019
19 28 100019
19 29 100019
19 30 100019
20 21 100019
20 22 100019
20 23 100019
20 24 100019
20 25 100019
20 26 100019
20 27 100019
20 28 100019
20 29 100019
20 30 100019
21 22 100019
21 23 100019
21 24 100019
21 25 100019
21 26 148
21 27 100019
21 28 100019
21 29 100019
21 30 100019
22 23 100019
22 24 100019
22 25 100019
22 26 100019
22 27 100019
22 28 100019
22 29 100019
22 30 100019
23 24 100019
23 25 100019
23 26 100019
23 27 100019
23 28 100019
23 29 100019
23 30 100019
24 25 100019
24 26 100019
24 27 100019
24 28 100019
24 29 100019
24 30 100019
25 26 100019
25 27 100019
25 28 100019
25 29 100019
25 30 100019
26 27 100019
26 28 100019
26 29 100019
26 30 100019
27 28 100019
27 29 100019
27 30 100019
28 29 100019
28 30 100019
29 30 100019
