107 10

460 51 4 0
492 141 4 1
494 105 1 12
500 171 7 1
504 135 1 7
510 91 0 6
512 71 1 2
520 81 6 1
522 65 9 6
524 111 0 1
526 69 9 1
536 127 3 1
548 83 1 6
550 71 9 1
550 193 11 1
578 83 6 1
582 111 1 0
588 71 2 1
596 65 6 9
600 91 6 0
602 71 1 2
612 81 1 6
620 111 12 1
640 69 1 9
640 83 6 1
646 118 1 7
656 249 1 8
670 137 7 1
672 65 9 6
682 131 1 4
690 71 2 1
702 111 0 1
704 81 6 1
728 71 9 1
746 65 6 9
760 185 1 11
762 111 1 0
770 313 0 0
782 323 1 5
790 107 7 1
798 135 1 7
814 65 1 9
816 125 1 3
818 81 1 6
818 141 4 1
820 81 6 1
832 119 1 10
842 71 1 2
876 65 9 6
878 111 0 1
910 71 9 1
922 75 2 1
926 243 8 1
940 65 6 9
940 135 1 7
942 81 1 6
948 131 7 1
950 121 10 1
952 123 3 1
952 185 11 1
1000 65 1 9
1002 111 1 0
1014 183 1 1
1032 81 6 1
1044 131 1 4
1056 111 1 0
1058 81 1 6
1090 71 9 1
1110 349 5 1
1114 131 1 7
1120 111 0 1
1122 65 9 6
1124 111 1 0
1142 91 0 6
1146 81 1 6
1154 81 6 1
1166 135 7 1
1180 111 0 1
1184 141 4 1
1188 65 1 9
1190 99 1 3
1194 65 6 9
1206 81 1 6
1210 71 1 2
1228 191 1 11
1242 81 6 1
1244 89 6 0
1244 111 0 1
1260 91 1 12
1270 71 9 1
1270 81 1 6
1274 65 9 6
1285 72 2 1
1292 107 7 1
1304 81 6 1
1316 71 1 2
1322 89 3 1
1324 65 1 9
1342 51 0 4
1348 65 6 9
1356 111 1 0
1362 65 1 9
1364 91 12 1
1366 81 1 6
1378 179 1 7
1382 131 1 4
1392 127 1 3