241 10

-15 80 17 1
50 331 24 3
50 331 24 3
70 306 22 3
75 310 1 8
75 80 1 17
90 81 5 7
130 229 11 3
140 110 18 28
140 300 18 8
140 422 18 6
150 232 0 26
170 215 17 8
183 144 2 8
184 200 7 26
195 168 7 6
265 175 28 8
265 297 28 6
330 75 27 6
340 123 3 6
340 182 5 3
340 80 13 14
344 80 6 26
345 90 10 6
347 94 8 6
355 72 26 6
360 87 16 6
364 91 6 19
370 80 6 26
374 93 26 8
385 84 26 6
387 83 6 29
389 91 6 15
392 77 6 12
392 235 6 25
392 100 6 28
400 84 8 26
400 65 26 14
400 82 6 26
406 130 26 3
410 85 3 8
412 130 3 26
416 77 26 6
430 79 6 26
445 86 26 6
455 80 6 27
455 150 6 5
460 102 8 6
460 80 6 26
472 103 6 30
475 185 14 26
475 74 19 6
475 80 26 6
475 87 30 12
478 110 12 9
490 88 8 12
490 80 6 26
490 91 29 6
500 92 15 6
502 125 26 3
504 91 26 6
504 91 26 6
505 122 12 25
509 86 26 8
514 215 28 6
519 95 8 3
520 80 6 26
535 86 26 6
550 80 6 26
555 50 27 5
562 125 26 3
565 87 26 6
572 125 3 26
580 109 30 6
582 143 12 21
582 78 6 26
584 148 6 28
584 74 6 14
584 148 6 28
586 84 6 8
586 99 6 28
595 77 26 6
596 101 6 21
609 94 8 3
610 130 12 3
610 78 6 26
612 87 6 29
616 101 9 26
625 170 5 27
625 271 5 6
625 83 26 6
640 80 6 26
644 96 3 24
652 118 3 26
656 88 26 6
670 75 6 26
673 59 14 28
685 83 26 6
690 87 8 6
690 80 6 15
700 65 26 14
700 234 28 6
700 80 6 26
704 79 26 8
706 105 3 26
710 81 29 6
715 79 26 6
719 106 26 9
721 49 3 7
722 106 21 6
722 83 6 19
730 83 6 26
741 34 3 20
743 125 26 3
745 76 26 6
747 134 21 12
752 282 28 6
752 65 28 14
752 282 28 6
758 83 26 6
760 118 3 6
760 80 6 26
775 80 1 17
775 185 14 26
775 72 26 6
785 171 7 3
785 84 15 6
790 333 24 3
790 333 24 3
790 77 6 26
795 156 20 3
803 116 6 3
805 70 26 6
810 82 8 26
815 81 27 6
820 82 19 6
820 80 6 26
832 202 14 6
836 78 26 6
848 82 6 26
850 103 9 26
865 79 26 6
874 99 6 28
875 207 5 6
880 80 6 26
895 260 25 12
895 376 25 6
895 76 26 6
897 83 6 10
898 126 3 26
902 78 12 30
910 82 6 26
915 72 6 9
922 78 6 27
923 116 26 3
925 70 26 6
937 63 6 7
941 81 6 26
943 115 3 6
955 76 26 6
962 116 3 26
970 78 6 26
981 91 3 8
985 69 26 6
987 148 26 21
992 223 28 6
995 81 10 6
996 114 26 9
999 87 6 26
999 87 6 26
1000 108 30 6
1002 68 9 6
1007 81 6 19
1015 73 26 6
1015 79 27 6
1029 83 6 26
1044 70 26 6
1050 179 7 6
1054 129 26 3
1058 92 6 10
1060 84 6 26
1075 70 26 6
1083 82 6 16
1086 80 8 26
1089 81 6 26
1092 109 3 12
1098 97 6 8
1106 71 26 6
1106 79 6 15
1108 81 19 6
1108 47 26 4
1120 86 6 26
1124 86 6 29
1132 126 6 3
1134 112 9 12
1135 80 26 6
1144 78 6 23
1149 79 6 26
1150 115 3 13
1150 138 21 26
1164 74 26 6
1165 47 4 26
1170 95 10 6
1174 80 26 8
1179 84 6 26
1185 86 16 6
1185 119 6 3
1195 73 26 6
1199 97 6 8
1199 180 6 28
1199 306 6 18
1200 77 15 6
1213 81 8 26
1217 126 26 3
1225 72 26 6
1225 72 26 6
1225 90 29 6
1226 99 3 26
1226 87 6 10
1240 75 6 26
1242 82 23 6
1256 79 26 6
1268 96 8 3
1269 70 6 26
1282 78 6 16
1296 81 6 27
1302 89 12 6
1307 113 26 0
1307 60 6 7
1309 91 26 7
1320 59 8 28
1320 185 8 18
1320 95 13 10
1325 90 8 17
1325 180 8 1
1371 89 3 24
1386 79 3 22
1395 110 28 18
1407 113 3 11
1410 89 8 2
1415 80 7 5
